ANASP 1e-10 0.0170734 0.0243789
ANAVT 1e-10 0.0170734 0.0243789
NOSP7 1e-10 0.0170734 0.0243789
TRIEI 1e-10 0.0170734 0.0243789
CYAA5 1e-10 0.0170734 0.0243789
CYAP8 1e-10 0.0170734 0.0243789
CYAP7 1e-10 0.0170734 0.0243789
MICAN 1e-10 0.0170734 0.0243789
SYNY3 1e-10 0.0170734 0.0243789
SYNP2 1e-10 0.0170734 0.0243789
THEEB 1e-10 0.0170734 0.0243789
CYAP4 1e-10 0.0170734 0.0243789
ACAM1 1e-10 0.0170734 0.0243789
SYNR3 1e-10 0.0170734 0.0243789
PROMM 1e-10 0.0170734 0.0243789
PROM3 1e-10 0.0170734 0.0243789
PRMAR1 1e-10 0.0170734 0.0243789
PROM4 1e-10 0.0170734 0.0243789
PROM1 1e-10 0.0170734 0.0243789
PROMT 1e-10 0.0170734 0.0243789
PROM9 1e-10 0.0170734 0.0243789
PROM2 1e-10 0.0170734 0.0243789
PROM0 1e-10 0.0170734 0.0243789
PROMS 1e-10 0.0170734 0.0243789
PROM5 1e-10 0.0170734 0.0243789
PROMP 1e-10 0.0170734 0.0243789
SYNPW 1e-10 0.0170734 0.0243789
SYNS3 1e-10 0.0170734 0.0243789
SYNPX 1e-10 0.0170734 0.0243789
SYNS9 1e-10 0.0170734 0.0243789
SYNSC 1e-10 0.0170734 0.0243789
SYNE7 1e-10 0.0170734 0.0243789
SYNP6 1e-10 0.0170734 0.0243789
SYNJA 1e-10 0.0170734 0.0243789
SYNJB 1e-10 0.0170734 0.0243789
GLVIO1 1e-10 0.0170734 0.0243789
Node_ANASP_THEEB_0 1e-10 0.0170734 0.0243789
Node_ANASP_CYAA5_0 1e-10 0.0170734 0.0243789
Node_ANASP_TRIEI_0 1e-10 0.0170734 0.0243789
Node_ANASP_NOSP7_0 1e-10 0.0170734 0.0243789
Node_ANASP_ANAVT_0 1e-10 0.0170734 0.0243789
Node_CYAA5_SYNP2_0 1e-10 0.0170734 0.0243789
Node_CYAA5_SYNY3_0 1e-10 0.0170734 0.0243789
Node_CYAA5_CYAP7_0 1e-10 0.0170734 0.0243789
Node_CYAA5_CYAP8_0 1e-10 0.0170734 0.0243789
Node_CYAP7_MICAN_0 1e-10 0.0170734 0.0243789
Node_THEEB_ACAM1_0 1e-10 0.0170734 0.0243789
Node_THEEB_CYAP4_0 1e-10 0.0170734 0.0243789
Node_SYNR3_SYNJA_0 1e-10 0.0170734 0.0243789
Node_SYNR3_SYNE7_0 1e-10 0.0170734 0.0243789
Node_SYNR3_PROMM_0 1e-10 0.0170734 0.0243789
Node_PROMM_SYNPW_0 1e-10 0.0170734 0.0243789
Node_PROMM_PRMAR1_0 1e-10 0.0170734 0.0243789
Node_PROMM_PROM3_0 1e-10 0.0170734 0.0243789
Node_PRMAR1_PROM1_0 1e-10 0.0170734 0.0243789
Node_PRMAR1_PROM4_0 1e-10 0.0170734 0.0243789
Node_PROM1_PROM9_0 1e-10 0.0170734 0.0243789
Node_PROM1_PROMT_0 1e-10 0.0170734 0.0243789
Node_PROM9_PROM5_0 1e-10 0.0170734 0.0243789
Node_PROM9_PROM2_0 1e-10 0.0170734 0.0243789
Node_PROM2_PROM0_0 1e-10 0.0170734 0.0243789
Node_PROM0_PROMS_0 1e-10 0.0170734 0.0243789
Node_PROM5_PROMP_0 1e-10 0.0170734 0.0243789
Node_SYNPW_SYNPX_0 1e-10 0.0170734 0.0243789
Node_SYNPW_SYNS3_0 1e-10 0.0170734 0.0243789
Node_SYNPX_SYNS9_0 1e-10 0.0170734 0.0243789
Node_SYNS9_SYNSC_0 1e-10 0.0170734 0.0243789
Node_SYNE7_SYNP6_0 1e-10 0.0170734 0.0243789
Node_SYNJA_GLVIO1_0 1e-10 0.0170734 0.0243789
Node_SYNJA_SYNJB_0 1e-10 0.0170734 0.0243789
Node_ANASP_SYNR3_0 1e-10 0.0170734 0.0243789
