ANASP 1e-10 0.061475 0.0584884
ANAVT 1e-10 0.061475 0.0584884
NOSP7 1e-10 0.061475 0.0584884
TRIEI 1e-10 0.061475 0.0584884
CYAA5 1e-10 0.061475 0.0584884
CYAP8 1e-10 0.061475 0.0584884
CYAP7 1e-10 0.061475 0.0584884
MICAN 1e-10 0.061475 0.0584884
SYNY3 1e-10 0.061475 0.0584884
SYNP2 1e-10 0.061475 0.0584884
THEEB 1e-10 0.061475 0.0584884
CYAP4 1e-10 0.061475 0.0584884
ACAM1 1e-10 0.061475 0.0584884
SYNR3 1e-10 0.061475 0.0584884
PROMM 1e-10 0.061475 0.0584884
PROM3 1e-10 0.061475 0.0584884
PRMAR1 1e-10 0.061475 0.0584884
PROM4 1e-10 0.061475 0.0584884
PROM1 1e-10 0.061475 0.0584884
PROMT 1e-10 0.061475 0.0584884
PROM9 1e-10 0.061475 0.0584884
PROM2 1e-10 0.061475 0.0584884
PROM0 1e-10 0.061475 0.0584884
PROMS 1e-10 0.061475 0.0584884
PROM5 1e-10 0.061475 0.0584884
PROMP 1e-10 0.061475 0.0584884
SYNPW 1e-10 0.061475 0.0584884
SYNS3 1e-10 0.061475 0.0584884
SYNPX 1e-10 0.061475 0.0584884
SYNS9 1e-10 0.061475 0.0584884
SYNSC 1e-10 0.061475 0.0584884
SYNE7 1e-10 0.061475 0.0584884
SYNP6 1e-10 0.061475 0.0584884
SYNJA 1e-10 0.061475 0.0584884
SYNJB 1e-10 0.061475 0.0584884
GLVIO1 1e-10 0.061475 0.0584884
Node_ANASP_THEEB_0 1e-10 0.061475 0.0584884
Node_ANASP_CYAA5_0 1e-10 0.061475 0.0584884
Node_ANASP_TRIEI_0 1e-10 0.061475 0.0584884
Node_ANASP_NOSP7_0 1e-10 0.061475 0.0584884
Node_ANASP_ANAVT_0 1e-10 0.061475 0.0584884
Node_CYAA5_SYNP2_0 1e-10 0.061475 0.0584884
Node_CYAA5_SYNY3_0 1e-10 0.061475 0.0584884
Node_CYAA5_CYAP7_0 1e-10 0.061475 0.0584884
Node_CYAA5_CYAP8_0 1e-10 0.061475 0.0584884
Node_CYAP7_MICAN_0 1e-10 0.061475 0.0584884
Node_THEEB_ACAM1_0 1e-10 0.061475 0.0584884
Node_THEEB_CYAP4_0 1e-10 0.061475 0.0584884
Node_SYNR3_SYNJA_0 1e-10 0.061475 0.0584884
Node_SYNR3_SYNE7_0 1e-10 0.061475 0.0584884
Node_SYNR3_PROMM_0 1e-10 0.061475 0.0584884
Node_PROMM_SYNPW_0 1e-10 0.061475 0.0584884
Node_PROMM_PRMAR1_0 1e-10 0.061475 0.0584884
Node_PROMM_PROM3_0 1e-10 0.061475 0.0584884
Node_PRMAR1_PROM1_0 1e-10 0.061475 0.0584884
Node_PRMAR1_PROM4_0 1e-10 0.061475 0.0584884
Node_PROM1_PROM9_0 1e-10 0.061475 0.0584884
Node_PROM1_PROMT_0 1e-10 0.061475 0.0584884
Node_PROM9_PROM5_0 1e-10 0.061475 0.0584884
Node_PROM9_PROM2_0 1e-10 0.061475 0.0584884
Node_PROM2_PROM0_0 1e-10 0.061475 0.0584884
Node_PROM0_PROMS_0 1e-10 0.061475 0.0584884
Node_PROM5_PROMP_0 1e-10 0.061475 0.0584884
Node_SYNPW_SYNPX_0 1e-10 0.061475 0.0584884
Node_SYNPW_SYNS3_0 1e-10 0.061475 0.0584884
Node_SYNPX_SYNS9_0 1e-10 0.061475 0.0584884
Node_SYNS9_SYNSC_0 1e-10 0.061475 0.0584884
Node_SYNE7_SYNP6_0 1e-10 0.061475 0.0584884
Node_SYNJA_GLVIO1_0 1e-10 0.061475 0.0584884
Node_SYNJA_SYNJB_0 1e-10 0.061475 0.0584884
Node_ANASP_SYNR3_0 1e-10 0.061475 0.0584884
